0.000000000000000000e+00 0.000000000000000000e+00 7.297968749999999716e+01 1.836638002982905402e-02
1.000000000000000000e+00 0.000000000000000000e+00 7.226666666666666572e+01 1.861076054114382469e-02
2.000000000000000000e+00 0.000000000000000000e+00 7.347604166666667425e+01 1.845158984649294259e-02
3.000000000000000000e+00 0.000000000000000000e+00 7.230416666666666003e+01 1.864537512276887368e-02
4.000000000000000000e+00 0.000000000000000000e+00 7.222031250000000568e+01 1.833868142399399520e-02
5.000000000000000000e+00 0.000000000000000000e+00 7.331041666666666856e+01 1.869699674611025389e-02
6.000000000000000000e+00 0.000000000000000000e+00 7.328645833333332860e+01 1.933076316493527111e-02
7.000000000000000000e+00 0.000000000000000000e+00 7.218385416666666288e+01 1.865982128745307181e-02
8.000000000000000000e+00 0.000000000000000000e+00 7.366302083333333428e+01 1.910023522414931382e-02
9.000000000000000000e+00 0.000000000000000000e+00 7.258854166666667140e+01 1.841092901247524949e-02
1.000000000000000000e+01 0.000000000000000000e+00 7.178229166666666572e+01 1.814370811610574799e-02
1.100000000000000000e+01 0.000000000000000000e+00 7.216250000000000853e+01 1.982504346482471050e-02
1.200000000000000000e+01 0.000000000000000000e+00 7.243906249999999147e+01 1.986831854638039865e-02
1.300000000000000000e+01 0.000000000000000000e+00 7.337135416666666288e+01 1.903383216964462527e-02
1.400000000000000000e+01 0.000000000000000000e+00 7.293489583333332860e+01 1.823481401694542620e-02
1.500000000000000000e+01 0.000000000000000000e+00 7.270572916666667140e+01 1.842636200113928827e-02
1.600000000000000000e+01 0.000000000000000000e+00 7.077552083333333144e+01 1.896683365401064317e-02
1.700000000000000000e+01 0.000000000000000000e+00 7.227760416666666288e+01 1.911736791682787373e-02
1.800000000000000000e+01 0.000000000000000000e+00 7.187500000000000000e+01 1.843097289306639894e-02
1.900000000000000000e+01 0.000000000000000000e+00 7.321406249999999716e+01 1.829161780888637415e-02
2.000000000000000000e+01 0.000000000000000000e+00 7.270937500000000853e+01 1.859545266378047693e-02
2.100000000000000000e+01 0.000000000000000000e+00 7.264374999999999716e+01 1.852680695757452645e-02
2.200000000000000000e+01 0.000000000000000000e+00 7.214635416666665435e+01 1.825635250490738673e-02
2.300000000000000000e+01 0.000000000000000000e+00 7.401250000000000284e+01 1.873027756062703789e-02
2.400000000000000000e+01 0.000000000000000000e+00 7.459947916666666856e+01 1.850229519168446538e-02
2.500000000000000000e+01 0.000000000000000000e+00 7.230572916666666572e+01 1.872046611609911107e-02
2.600000000000000000e+01 0.000000000000000000e+00 7.366614583333334565e+01 1.866006784532386539e-02
2.700000000000000000e+01 0.000000000000000000e+00 7.373645833333333144e+01 1.872810376400756496e-02
2.800000000000000000e+01 0.000000000000000000e+00 7.232500000000000284e+01 1.806823053343160554e-02
2.900000000000000000e+01 0.000000000000000000e+00 7.473541666666666572e+01 1.942265858537038994e-02
3.000000000000000000e+01 0.000000000000000000e+00 7.225885416666666572e+01 1.809056226086518115e-02
3.100000000000000000e+01 0.000000000000000000e+00 7.411822916666666572e+01 1.921169252432840951e-02
3.200000000000000000e+01 0.000000000000000000e+00 7.304687500000000000e+01 1.842738327869391374e-02
3.300000000000000000e+01 0.000000000000000000e+00 7.353854166666666003e+01 1.868283372449099089e-02
3.400000000000000000e+01 0.000000000000000000e+00 7.346666666666666856e+01 1.943994302771986232e-02
3.500000000000000000e+01 0.000000000000000000e+00 7.299791666666666856e+01 1.826397630171976150e-02
3.600000000000000000e+01 0.000000000000000000e+00 7.345052083333332860e+01 1.885029810328838276e-02
3.700000000000000000e+01 0.000000000000000000e+00 7.435416666666667140e+01 1.856036060052049588e-02
3.800000000000000000e+01 0.000000000000000000e+00 7.248020833333333712e+01 1.919564476003496334e-02
0.000000000000000000e+00 1.000000000000000000e+00 7.303750000000000853e+01 1.850972019782595734e-02
1.000000000000000000e+00 1.000000000000000000e+00 4.101406249999999432e+01 1.102909558216535468e-01
2.000000000000000000e+00 1.000000000000000000e+00 3.143593750000000497e+01 1.734553282774244087e-01
3.000000000000000000e+00 1.000000000000000000e+00 2.721718749999999787e+01 3.064415798449270922e-01
4.000000000000000000e+00 1.000000000000000000e+00 2.215000000000000568e+01 3.753697479910431123e-01
5.000000000000000000e+00 1.000000000000000000e+00 1.955416666666666714e+01 3.965734877356263954e-01
6.000000000000000000e+00 1.000000000000000000e+00 1.656874999999999787e+01 4.871732280907849488e-01
7.000000000000000000e+00 1.000000000000000000e+00 1.459739583333333179e+01 4.694753138981224705e-01
8.000000000000000000e+00 1.000000000000000000e+00 1.349218750000000000e+01 7.510695976668178009e-01
9.000000000000000000e+00 1.000000000000000000e+00 1.200989583333333321e+01 5.259004086552597768e-01
1.000000000000000000e+01 1.000000000000000000e+00 1.184322916666666714e+01 4.472717680335810408e-01
1.100000000000000000e+01 1.000000000000000000e+00 1.044895833333333357e+01 4.963707149360034321e-01
1.200000000000000000e+01 1.000000000000000000e+00 9.288020833333332504e+00 4.240904849479817385e-01
1.300000000000000000e+01 1.000000000000000000e+00 8.497395833333333925e+00 4.805948032574663409e-01
1.400000000000000000e+01 1.000000000000000000e+00 7.754166666666666430e+00 4.100220267017907205e-01
1.500000000000000000e+01 1.000000000000000000e+00 6.531770833333332860e+00 4.700779081436484708e-01
1.600000000000000000e+01 1.000000000000000000e+00 6.359375000000000000e+00 7.494286248205574985e-01
1.700000000000000000e+01 1.000000000000000000e+00 5.490104166666665897e+00 6.769150247847324220e-01
1.800000000000000000e+01 1.000000000000000000e+00 8.375520833333334636e+00 5.420093946357367187e-01
1.900000000000000000e+01 1.000000000000000000e+00 7.666666666666666963e+00 5.361455999401323336e-01
2.000000000000000000e+01 1.000000000000000000e+00 8.615104166666666785e+00 5.548565883738900695e-01
2.100000000000000000e+01 1.000000000000000000e+00 8.537499999999999645e+00 5.765058117729405796e-01
2.200000000000000000e+01 1.000000000000000000e+00 8.058854166666666430e+00 5.097298444963216379e-01
2.300000000000000000e+01 1.000000000000000000e+00 6.718229166666667140e+00 5.463797370359273486e-01
2.400000000000000000e+01 1.000000000000000000e+00 6.750000000000000000e+00 7.066306072830838003e-01
2.500000000000000000e+01 1.000000000000000000e+00 6.467708333333334281e+00 5.698730016107644847e-01
2.600000000000000000e+01 1.000000000000000000e+00 5.527604166666666430e+00 7.990889705040059576e-01
2.700000000000000000e+01 1.000000000000000000e+00 5.545833333333334281e+00 7.053285555742910828e-01
2.800000000000000000e+01 1.000000000000000000e+00 4.763020833333333925e+00 6.138548123127840483e-01
2.900000000000000000e+01 1.000000000000000000e+00 4.195833333333332860e+00 6.694283208863439638e-01
3.000000000000000000e+01 1.000000000000000000e+00 4.339583333333332682e+00 7.847319945601670677e-01
3.100000000000000000e+01 1.000000000000000000e+00 4.073437500000000711e+00 6.727610263134821134e-01
3.200000000000000000e+01 1.000000000000000000e+00 3.811458333333333837e+00 7.713297556386518039e-01
3.300000000000000000e+01 1.000000000000000000e+00 3.565625000000000266e+00 6.965846535074319279e-01
3.400000000000000000e+01 1.000000000000000000e+00 3.117708333333333304e+00 5.926535738983368384e-01
3.500000000000000000e+01 1.000000000000000000e+00 3.057812499999999378e+00 6.732065753352060034e-01
3.600000000000000000e+01 1.000000000000000000e+00 2.863541666666666430e+00 4.792659864025933247e-01
3.700000000000000000e+01 1.000000000000000000e+00 2.944791666666667140e+00 3.281846529619123487e-01
3.800000000000000000e+01 1.000000000000000000e+00 2.902604166666666430e+00 9.719294680141817022e-02
0.000000000000000000e+00 2.000000000000000000e+00 7.317395833333334565e+01 1.852088985056941223e-02
1.000000000000000000e+00 2.000000000000000000e+00 3.451302083333333570e+01 1.666616635551731729e-01
2.000000000000000000e+00 2.000000000000000000e+00 2.487500000000000000e+01 3.621393936787400403e-01
3.000000000000000000e+00 2.000000000000000000e+00 2.113958333333333073e+01 3.797459398238344219e-01
4.000000000000000000e+00 2.000000000000000000e+00 1.559270833333333428e+01 5.912081522263396005e-01
5.000000000000000000e+00 2.000000000000000000e+00 1.497343750000000107e+01 5.546418336832273921e-01
6.000000000000000000e+00 2.000000000000000000e+00 1.252395833333333286e+01 6.833175673464847444e-01
7.000000000000000000e+00 2.000000000000000000e+00 1.130052083333333179e+01 5.976124424392980083e-01
8.000000000000000000e+00 2.000000000000000000e+00 1.067708333333333393e+01 5.567203633127005835e-01
9.000000000000000000e+00 2.000000000000000000e+00 9.882812499999998224e+00 6.586913499004132255e-01
1.000000000000000000e+01 2.000000000000000000e+00 8.873437499999999645e+00 5.972596608860638590e-01
1.100000000000000000e+01 2.000000000000000000e+00 7.672395833333332860e+00 5.210723350501152984e-01
1.200000000000000000e+01 2.000000000000000000e+00 6.748437500000000533e+00 5.642722079705424498e-01
1.300000000000000000e+01 2.000000000000000000e+00 6.570312500000000000e+00 4.844699562601245679e-01
1.400000000000000000e+01 2.000000000000000000e+00 5.533333333333334103e+00 4.146696358549937234e-01
1.500000000000000000e+01 2.000000000000000000e+00 4.518750000000000711e+00 7.327915174959362954e-01
1.600000000000000000e+01 2.000000000000000000e+00 4.702604166666667140e+00 7.258454742600711773e-01
1.700000000000000000e+01 2.000000000000000000e+00 3.899479166666666163e+00 6.476460572564350926e-01
1.800000000000000000e+01 2.000000000000000000e+00 6.056770833333334103e+00 5.368423357336721269e-01
1.900000000000000000e+01 2.000000000000000000e+00 5.306770833333333215e+00 1.010524888004224131e+00
2.000000000000000000e+01 2.000000000000000000e+00 4.906250000000000000e+00 8.674469390739270036e-01
2.100000000000000000e+01 2.000000000000000000e+00 4.577083333333333393e+00 9.118173950803724059e-01
2.200000000000000000e+01 2.000000000000000000e+00 4.821874999999999467e+00 1.356455161570928603e+00
2.300000000000000000e+01 2.000000000000000000e+00 3.725520833333332948e+00 7.635997869679927996e-01
2.400000000000000000e+01 2.000000000000000000e+00 4.978124999999999467e+00 7.834021304437399635e-01
2.500000000000000000e+01 2.000000000000000000e+00 3.126041666666667052e+00 2.796886162481808102e-01
2.600000000000000000e+01 2.000000000000000000e+00 3.108854166666667140e+00 1.145840074752795035e+00
2.700000000000000000e+01 2.000000000000000000e+00 3.610416666666667052e+00 9.683199959967616621e-01
2.800000000000000000e+01 2.000000000000000000e+00 2.910937499999999734e+00 1.059628101920803367e+00
2.900000000000000000e+01 2.000000000000000000e+00 2.991666666666665808e+00 7.248572743029961796e-01
3.000000000000000000e+01 2.000000000000000000e+00 3.101562500000000000e+00 8.296713306565346446e-01
3.100000000000000000e+01 2.000000000000000000e+00 2.765104166666666696e+00 7.648462561732197740e-01
3.200000000000000000e+01 2.000000000000000000e+00 2.622916666666666341e+00 7.451098848682145004e-01
3.300000000000000000e+01 2.000000000000000000e+00 2.813020833333333304e+00 1.121455290031461605e+00
3.400000000000000000e+01 2.000000000000000000e+00 2.884895833333333659e+00 7.759022751275324037e-01
3.500000000000000000e+01 2.000000000000000000e+00 3.268229166666666519e+00 6.954593533993740362e-01
3.600000000000000000e+01 2.000000000000000000e+00 3.136458333333333126e+00 6.488935489028129222e-01
3.700000000000000000e+01 2.000000000000000000e+00 1.108854166666666474e+00 7.856484631718198275e-02
3.800000000000000000e+01 2.000000000000000000e+00 2.864062499999999734e+00 3.754350360108040796e-01
0.000000000000000000e+00 3.000000000000000000e+00 7.302552083333331723e+01 1.880966591629589305e-02
1.000000000000000000e+00 3.000000000000000000e+00 3.109947916666666856e+01 2.729632638732419347e-01
2.000000000000000000e+00 3.000000000000000000e+00 2.354427083333333215e+01 3.157959647976280593e-01
3.000000000000000000e+00 3.000000000000000000e+00 1.789843749999999645e+01 4.402025938960679730e-01
4.000000000000000000e+00 3.000000000000000000e+00 1.386354166666666821e+01 7.131913995510311688e-01
5.000000000000000000e+00 3.000000000000000000e+00 1.330885416666666821e+01 7.072594067227222503e-01
6.000000000000000000e+00 3.000000000000000000e+00 1.089322916666666607e+01 7.873822008725225308e-01
7.000000000000000000e+00 3.000000000000000000e+00 9.678645833333334281e+00 7.297511225478612307e-01
8.000000000000000000e+00 3.000000000000000000e+00 9.703645833333334636e+00 7.986655573601370017e-01
9.000000000000000000e+00 3.000000000000000000e+00 8.763541666666666785e+00 7.899558553121115434e-01
1.000000000000000000e+01 3.000000000000000000e+00 8.022395833333334281e+00 8.423370200724602519e-01
1.100000000000000000e+01 3.000000000000000000e+00 6.599479166666665897e+00 7.539744755214827787e-01
1.200000000000000000e+01 3.000000000000000000e+00 5.722916666666667318e+00 7.367449245399027014e-01
1.300000000000000000e+01 3.000000000000000000e+00 6.126562500000001243e+00 9.588164270215520091e-01
1.400000000000000000e+01 3.000000000000000000e+00 4.794270833333333037e+00 1.164311733431742102e+00
1.500000000000000000e+01 3.000000000000000000e+00 4.256250000000000533e+00 8.474249826430381161e-01
1.600000000000000000e+01 3.000000000000000000e+00 4.014062500000000533e+00 7.729313624222383661e-01
1.700000000000000000e+01 3.000000000000000000e+00 3.344791666666667052e+00 6.140693304498413552e-01
1.800000000000000000e+01 3.000000000000000000e+00 5.276562499999999822e+00 1.935941756610774778e-01
1.900000000000000000e+01 3.000000000000000000e+00 4.749479166666666252e+00 5.325013332228740737e-01
2.000000000000000000e+01 3.000000000000000000e+00 4.183854166666666430e+00 1.048043822957912097e+00
2.100000000000000000e+01 3.000000000000000000e+00 3.746354166666666430e+00 1.297474430454041094e+00
2.200000000000000000e+01 3.000000000000000000e+00 3.416145833333333215e+00 5.767280143418336280e-01
2.300000000000000000e+01 3.000000000000000000e+00 4.314062499999999467e+00 2.379240625732124137e-01
2.400000000000000000e+01 3.000000000000000000e+00 4.160937500000000178e+00 2.572956497521363683e-01
2.500000000000000000e+01 3.000000000000000000e+00 2.606249999999999734e+00 4.468269884240482215e-01
2.600000000000000000e+01 3.000000000000000000e+00 2.519791666666666430e+00 3.753314695836543202e-01
2.700000000000000000e+01 3.000000000000000000e+00 2.799479166666666519e+00 7.865327875455383477e-01
2.800000000000000000e+01 3.000000000000000000e+00 2.470833333333333215e+00 7.946844333815549222e-01
2.900000000000000000e+01 3.000000000000000000e+00 2.249479166666667140e+00 8.028764102927047341e-01
3.000000000000000000e+01 3.000000000000000000e+00 3.413020833333332948e+00 2.004181290307828489e-01
3.100000000000000000e+01 3.000000000000000000e+00 2.273958333333333304e+00 1.032986323901284642e+00
3.200000000000000000e+01 3.000000000000000000e+00 2.073437500000000266e+00 8.700827275506878289e-01
3.300000000000000000e+01 3.000000000000000000e+00 2.167708333333333570e+00 1.018332785528993423e+00
3.400000000000000000e+01 3.000000000000000000e+00 2.276562499999999822e+00 9.306123333434661582e-01
3.500000000000000000e+01 3.000000000000000000e+00 2.105729166666666430e+00 3.168647042004032327e-02
3.600000000000000000e+01 3.000000000000000000e+00 2.376562499999999911e+00 2.022053732120973335e-01
3.700000000000000000e+01 3.000000000000000000e+00 9.322916666666666297e-01 1.199490167005102109e-01
3.800000000000000000e+01 3.000000000000000000e+00 4.343750000000000111e-01 4.333727687840100741e-03
0.000000000000000000e+00 4.000000000000000000e+00 7.295156250000000853e+01 1.940980320183131186e-02
1.000000000000000000e+00 4.000000000000000000e+00 2.855833333333333357e+01 2.803180684011564172e-01
2.000000000000000000e+00 4.000000000000000000e+00 2.173697916666666785e+01 2.770805056510292630e-01
3.000000000000000000e+00 4.000000000000000000e+00 1.619427083333333428e+01 4.798223622970591018e-01
4.000000000000000000e+00 4.000000000000000000e+00 1.239322916666666607e+01 7.814193606031858419e-01
5.000000000000000000e+00 4.000000000000000000e+00 1.215989583333333179e+01 9.783301811179327956e-01
6.000000000000000000e+00 4.000000000000000000e+00 1.011249999999999893e+01 8.427566484683404191e-01
7.000000000000000000e+00 4.000000000000000000e+00 8.734375000000000000e+00 7.925863763514383598e-01
8.000000000000000000e+00 4.000000000000000000e+00 9.006249999999999645e+00 9.505384169762912672e-01
9.000000000000000000e+00 4.000000000000000000e+00 7.930729166666666607e+00 7.953046164065586954e-01
1.000000000000000000e+01 4.000000000000000000e+00 7.239583333333333037e+00 9.733659243472516653e-01
1.100000000000000000e+01 4.000000000000000000e+00 6.168229166666667318e+00 9.584337547926905509e-01
1.200000000000000000e+01 4.000000000000000000e+00 5.250000000000000000e+00 6.603678854043991686e-01
1.300000000000000000e+01 4.000000000000000000e+00 4.770312500000000178e+00 6.222813791822411345e-01
1.400000000000000000e+01 4.000000000000000000e+00 4.313020833333332860e+00 5.790784450140359363e-01
1.500000000000000000e+01 4.000000000000000000e+00 3.891145833333332860e+00 8.406168642069549168e-01
1.600000000000000000e+01 4.000000000000000000e+00 3.655729166666667140e+00 9.199732269335211265e-01
1.700000000000000000e+01 4.000000000000000000e+00 3.108854166666666696e+00 9.748769998661367397e-01
1.800000000000000000e+01 4.000000000000000000e+00 4.548437499999999467e+00 4.380645768763906100e-01
1.900000000000000000e+01 4.000000000000000000e+00 3.800000000000000266e+00 9.988359538499721468e-01
2.000000000000000000e+01 4.000000000000000000e+00 4.279166666666665897e+00 2.648252268241198859e+00
2.100000000000000000e+01 4.000000000000000000e+00 4.605208333333333570e+00 2.275887579310607867e-01
2.200000000000000000e+01 4.000000000000000000e+00 3.646875000000000089e+00 1.452795356635736335e+00
2.300000000000000000e+01 4.000000000000000000e+00 3.731770833333333481e+00 1.599449920223040555e+00
2.400000000000000000e+01 4.000000000000000000e+00 3.402604166666666430e+00 9.616172102476860939e-01
2.500000000000000000e+01 4.000000000000000000e+00 3.397916666666666696e+00 7.955702453711392952e-01
2.600000000000000000e+01 4.000000000000000000e+00 2.510937499999999822e+00 1.436391931207599226e+00
2.700000000000000000e+01 4.000000000000000000e+00 3.284895833333333570e+00 6.998284004094765809e-01
2.800000000000000000e+01 4.000000000000000000e+00 2.495833333333333126e+00 9.035289146311800135e-01
2.900000000000000000e+01 4.000000000000000000e+00 2.257291666666666696e+00 7.683201028585487924e-01
3.000000000000000000e+01 4.000000000000000000e+00 2.522916666666666696e+00 3.332947433967388129e-01
3.100000000000000000e+01 4.000000000000000000e+00 1.741666666666666474e+00 9.557110151519404573e-01
3.200000000000000000e+01 4.000000000000000000e+00 2.093750000000000000e+00 8.584706362484133546e-01
3.300000000000000000e+01 4.000000000000000000e+00 2.399479166666666163e+00 3.446091946610563839e-01
3.400000000000000000e+01 4.000000000000000000e+00 1.967708333333333171e+00 9.678860758703319300e-01
3.500000000000000000e+01 4.000000000000000000e+00 2.097395833333333126e+00 4.524810172130924735e-01
3.600000000000000000e+01 4.000000000000000000e+00 1.903645833333333259e+00 4.288230104917033492e-01
3.700000000000000000e+01 4.000000000000000000e+00 1.005208333333333259e+00 1.237302786188531900e-01
3.800000000000000000e+01 4.000000000000000000e+00 4.343749999999999556e-01 4.531862852530079734e-03
0.000000000000000000e+00 5.000000000000000000e+00 7.381197916666666003e+01 1.929768384946319373e-02
1.000000000000000000e+00 5.000000000000000000e+00 2.782239583333333144e+01 3.077443514246097078e-01
2.000000000000000000e+00 5.000000000000000000e+00 2.059739583333333357e+01 2.805425031412882575e-01
3.000000000000000000e+00 5.000000000000000000e+00 1.497343750000000107e+01 5.428324219454483401e-01
4.000000000000000000e+00 5.000000000000000000e+00 1.166770833333333535e+01 8.173514457366224395e-01
5.000000000000000000e+00 5.000000000000000000e+00 1.128749999999999964e+01 1.022621240969195711e+00
6.000000000000000000e+00 5.000000000000000000e+00 9.501041666666665719e+00 9.063292614222573373e-01
7.000000000000000000e+00 5.000000000000000000e+00 8.219791666666665719e+00 8.678710569622867244e-01
8.000000000000000000e+00 5.000000000000000000e+00 8.445833333333332860e+00 9.737031903843452740e-01
9.000000000000000000e+00 5.000000000000000000e+00 7.629687500000000178e+00 8.374319199230215727e-01
1.000000000000000000e+01 5.000000000000000000e+00 6.774479166666666607e+00 9.204427583633347787e-01
1.100000000000000000e+01 5.000000000000000000e+00 5.696874999999999467e+00 9.248622860627589981e-01
1.200000000000000000e+01 5.000000000000000000e+00 5.123437500000000533e+00 1.197642073885431646e+00
1.300000000000000000e+01 5.000000000000000000e+00 4.443750000000000533e+00 1.221256794809085999e+00
1.400000000000000000e+01 5.000000000000000000e+00 4.052083333333333037e+00 6.916264899942522471e-01
1.500000000000000000e+01 5.000000000000000000e+00 3.756770833333332948e+00 8.678141359396006616e-01
1.600000000000000000e+01 5.000000000000000000e+00 3.443229166666666341e+00 9.062873130896696994e-01
1.700000000000000000e+01 5.000000000000000000e+00 2.762499999999999734e+00 8.396181324014796443e-01
1.800000000000000000e+01 5.000000000000000000e+00 4.267708333333334103e+00 4.748532543462997690e-01
1.900000000000000000e+01 5.000000000000000000e+00 3.428125000000000089e+00 9.113748749104128022e-01
2.000000000000000000e+01 5.000000000000000000e+00 3.330208333333333215e+00 9.352630399973381747e-01
2.100000000000000000e+01 5.000000000000000000e+00 3.092708333333332948e+00 9.936579706552847169e-01
2.200000000000000000e+01 5.000000000000000000e+00 2.324999999999999734e+00 3.062530817297369756e-01
2.300000000000000000e+01 5.000000000000000000e+00 3.680208333333333304e+00 1.226645123015618899e-01
2.400000000000000000e+01 5.000000000000000000e+00 3.348437499999999734e+00 1.040294538156649518e+00
2.500000000000000000e+01 5.000000000000000000e+00 3.207812499999999734e+00 8.121289118751940928e-01
2.600000000000000000e+01 5.000000000000000000e+00 2.298437499999999911e+00 3.051978064902144960e-01
2.700000000000000000e+01 5.000000000000000000e+00 2.221354166666666963e+00 1.454600332835157328e+00
2.800000000000000000e+01 5.000000000000000000e+00 2.311458333333332948e+00 2.171953629836595179e-01
2.900000000000000000e+01 5.000000000000000000e+00 1.488020833333333348e+00 6.488524516860101343e-01
3.000000000000000000e+01 5.000000000000000000e+00 2.330729166666666519e+00 7.820032865017447765e-01
3.100000000000000000e+01 5.000000000000000000e+00 1.515104166666666474e+00 7.617000336595353138e-01
3.200000000000000000e+01 5.000000000000000000e+00 1.829166666666666829e+00 8.850595041257383055e-01
3.300000000000000000e+01 5.000000000000000000e+00 1.722916666666666652e+00 9.958793356679888076e-01
3.400000000000000000e+01 5.000000000000000000e+00 1.617708333333333526e+00 7.629091742161991929e-01
3.500000000000000000e+01 5.000000000000000000e+00 1.743749999999999689e+00 7.784671425395696120e-01
3.600000000000000000e+01 5.000000000000000000e+00 1.710937500000000000e+00 3.611334508283315370e-01
3.700000000000000000e+01 5.000000000000000000e+00 8.723958333333333703e-01 1.418292821456824948e-01
3.800000000000000000e+01 5.000000000000000000e+00 4.307291666666666075e-01 4.068732608145147339e-03
0.000000000000000000e+00 6.000000000000000000e+00 7.357135416666666572e+01 1.848620973234205156e-02
1.000000000000000000e+00 6.000000000000000000e+00 2.666874999999999929e+01 3.282750024165603242e-01
2.000000000000000000e+00 6.000000000000000000e+00 2.002187499999999787e+01 3.382047904782581327e-01
3.000000000000000000e+00 6.000000000000000000e+00 1.435729166666666679e+01 5.476007562036010468e-01
4.000000000000000000e+00 6.000000000000000000e+00 1.140781250000000036e+01 8.908652386653055366e-01
5.000000000000000000e+00 6.000000000000000000e+00 1.108906249999999893e+01 1.308094350282024587e+00
6.000000000000000000e+00 6.000000000000000000e+00 9.080729166666666075e+00 8.727043011126808247e-01
7.000000000000000000e+00 6.000000000000000000e+00 7.851041666666667140e+00 8.314019631694624657e-01
8.000000000000000000e+00 6.000000000000000000e+00 8.098958333333333925e+00 9.311336856105146831e-01
9.000000000000000000e+00 6.000000000000000000e+00 7.290624999999999467e+00 8.508878565077456768e-01
1.000000000000000000e+01 6.000000000000000000e+00 6.454166666666666607e+00 9.026321423816313638e-01
1.100000000000000000e+01 6.000000000000000000e+00 5.722916666666666430e+00 8.565468280686636682e-01
1.200000000000000000e+01 6.000000000000000000e+00 5.263541666666666785e+00 1.004986097802024636e+00
1.300000000000000000e+01 6.000000000000000000e+00 4.649479166666666607e+00 1.120854298579710751e+00
1.400000000000000000e+01 6.000000000000000000e+00 4.253645833333333570e+00 9.408145711309867654e-01
1.500000000000000000e+01 6.000000000000000000e+00 3.653124999999999734e+00 9.291647684232318127e-01
1.600000000000000000e+01 6.000000000000000000e+00 3.396354166666666785e+00 9.308271592090782143e-01
1.700000000000000000e+01 6.000000000000000000e+00 2.736458333333333659e+00 9.011875545139274024e-01
1.800000000000000000e+01 6.000000000000000000e+00 4.054166666666667140e+00 4.652539249586871151e-01
1.900000000000000000e+01 6.000000000000000000e+00 3.320833333333333304e+00 9.411755052090269302e-01
2.000000000000000000e+01 6.000000000000000000e+00 3.441145833333333570e+00 1.219437968202051525e+00
2.100000000000000000e+01 6.000000000000000000e+00 3.570312500000000444e+00 8.610733304000286470e-01
2.200000000000000000e+01 6.000000000000000000e+00 3.290624999999999911e+00 2.850798682738143186e-01
2.300000000000000000e+01 6.000000000000000000e+00 3.211458333333333304e+00 1.399675573703854647e-01
2.400000000000000000e+01 6.000000000000000000e+00 3.393229166666666519e+00 1.301072049669962094e-01
2.500000000000000000e+01 6.000000000000000000e+00 3.073437500000000266e+00 1.015288278551624845e+00
2.600000000000000000e+01 6.000000000000000000e+00 2.179687500000000000e+00 2.931570365711342885e-01
2.700000000000000000e+01 6.000000000000000000e+00 2.732812500000000089e+00 9.241303415830037782e-01
2.800000000000000000e+01 6.000000000000000000e+00 2.260937500000000266e+00 9.806065969465471710e-01
2.900000000000000000e+01 6.000000000000000000e+00 2.164062500000000000e+00 1.060028061078589268e+00
3.000000000000000000e+01 6.000000000000000000e+00 2.183333333333333126e+00 8.501445621359967619e-01
3.100000000000000000e+01 6.000000000000000000e+00 1.858854166666666918e+00 3.905636249323334308e-01
3.200000000000000000e+01 6.000000000000000000e+00 1.814583333333333215e+00 1.522200826076583802e+00
3.300000000000000000e+01 6.000000000000000000e+00 1.615624999999999867e+00 5.268580214478311152e-01
3.400000000000000000e+01 6.000000000000000000e+00 1.650000000000000133e+00 7.063880330311429478e-01
3.500000000000000000e+01 6.000000000000000000e+00 1.555729166666666607e+00 8.881386566447178055e-01
3.600000000000000000e+01 6.000000000000000000e+00 1.807812499999999822e+00 9.403405181446703454e-01
3.700000000000000000e+01 6.000000000000000000e+00 8.473958333333334592e-01 3.576349897269602840e-01
3.800000000000000000e+01 6.000000000000000000e+00 4.322916666666666852e-01 4.449374072220838548e-03
0.000000000000000000e+00 7.000000000000000000e+00 7.354010416666666572e+01 1.824027612038137125e-02
1.000000000000000000e+00 7.000000000000000000e+00 2.606614583333333357e+01 3.552840197197626448e-01
2.000000000000000000e+00 7.000000000000000000e+00 2.002239583333333783e+01 4.059720789476519709e-01
3.000000000000000000e+00 7.000000000000000000e+00 1.393229166666666607e+01 6.412847042803082598e-01
4.000000000000000000e+00 7.000000000000000000e+00 1.206770833333333393e+01 6.102176472735063584e-01
5.000000000000000000e+00 7.000000000000000000e+00 1.066562499999999858e+01 1.145752878815483600e+00
6.000000000000000000e+00 7.000000000000000000e+00 8.839062499999998934e+00 9.455624221366525362e-01
7.000000000000000000e+00 7.000000000000000000e+00 7.572916666666666963e+00 8.949598446328634882e-01
8.000000000000000000e+00 7.000000000000000000e+00 7.728124999999999467e+00 8.686731015141926360e-01
9.000000000000000000e+00 7.000000000000000000e+00 7.054687500000000000e+00 8.397003180659056154e-01
1.000000000000000000e+01 7.000000000000000000e+00 6.168750000000000178e+00 1.078393628317420694e+00
1.100000000000000000e+01 7.000000000000000000e+00 5.460416666666667140e+00 9.480570185797957405e-01
1.200000000000000000e+01 7.000000000000000000e+00 4.980729166666667318e+00 1.118873370006716828e+00
1.300000000000000000e+01 7.000000000000000000e+00 4.541145833333333215e+00 1.106525510971462678e+00
1.400000000000000000e+01 7.000000000000000000e+00 4.244270833333334103e+00 9.352030051375970210e-01
1.500000000000000000e+01 7.000000000000000000e+00 3.416145833333333215e+00 9.308231635910965140e-01
1.600000000000000000e+01 7.000000000000000000e+00 3.201562500000000089e+00 9.329102730004065203e-01
1.700000000000000000e+01 7.000000000000000000e+00 2.468750000000000000e+00 3.977842360167923585e-01
1.800000000000000000e+01 7.000000000000000000e+00 4.069791666666667140e+00 5.610420277583533233e-01
1.900000000000000000e+01 7.000000000000000000e+00 3.146354166666666341e+00 9.715278601995097629e-01
2.000000000000000000e+01 7.000000000000000000e+00 3.131250000000000089e+00 1.170272987464323178e+00
2.100000000000000000e+01 7.000000000000000000e+00 3.397395833333333837e+00 5.181554292132182216e-01
2.200000000000000000e+01 7.000000000000000000e+00 2.769791666666666430e+00 9.324228371745382216e-01
2.300000000000000000e+01 7.000000000000000000e+00 3.021875000000000089e+00 9.559445718848461060e-02
2.400000000000000000e+01 7.000000000000000000e+00 3.070312500000000000e+00 2.051716758013218678e-01
2.500000000000000000e+01 7.000000000000000000e+00 3.016145833333332860e+00 1.698802560777500359e-01
2.600000000000000000e+01 7.000000000000000000e+00 2.049479166666666519e+00 5.981372641399669288e-01
2.700000000000000000e+01 7.000000000000000000e+00 2.536979166666666341e+00 8.781208196156988777e-01
2.800000000000000000e+01 7.000000000000000000e+00 2.095833333333333659e+00 9.409021421302262711e-01
2.900000000000000000e+01 7.000000000000000000e+00 2.071874999999999911e+00 9.992773511325523383e-01
3.000000000000000000e+01 7.000000000000000000e+00 2.087499999999999911e+00 9.716124368752844243e-01
3.100000000000000000e+01 7.000000000000000000e+00 1.666666666666666741e+00 7.198317734192415385e-01
3.200000000000000000e+01 7.000000000000000000e+00 1.880208333333333259e+00 1.694099580565931795e+00
3.300000000000000000e+01 7.000000000000000000e+00 1.545833333333333393e+00 6.515287370887028473e-01
3.400000000000000000e+01 7.000000000000000000e+00 1.520833333333333259e+00 9.588264144088324281e-01
3.500000000000000000e+01 7.000000000000000000e+00 1.364062499999999956e+00 2.684088856162925030e-01
3.600000000000000000e+01 7.000000000000000000e+00 2.310416666666666785e+00 6.401381121685959519e-01
3.700000000000000000e+01 7.000000000000000000e+00 8.421875000000000888e-01 1.460738816505403881e-01
3.800000000000000000e+01 7.000000000000000000e+00 4.328124999999999889e-01 4.670691106376035837e-03
0.000000000000000000e+00 8.000000000000000000e+00 7.359947916666666856e+01 1.844025457803493556e-02
1.000000000000000000e+00 8.000000000000000000e+00 2.550781250000000000e+01 3.796056656590546807e-01
2.000000000000000000e+00 8.000000000000000000e+00 1.949479166666666785e+01 3.464019291962305847e-01
3.000000000000000000e+00 8.000000000000000000e+00 1.391041666666666821e+01 6.572156732576477367e-01
4.000000000000000000e+00 8.000000000000000000e+00 1.171250000000000036e+01 6.293786483386691888e-01
5.000000000000000000e+00 8.000000000000000000e+00 1.029947916666666607e+01 1.084228895793109437e+00
6.000000000000000000e+00 8.000000000000000000e+00 8.613020833333331794e+00 9.758874378828956697e-01
7.000000000000000000e+00 8.000000000000000000e+00 7.579166666666666607e+00 8.743372616747513426e-01
8.000000000000000000e+00 8.000000000000000000e+00 7.556250000000001243e+00 9.050164296556143517e-01
9.000000000000000000e+00 8.000000000000000000e+00 6.723958333333333037e+00 8.513167748799125301e-01
1.000000000000000000e+01 8.000000000000000000e+00 5.966145833333333037e+00 9.554830584510017877e-01
1.100000000000000000e+01 8.000000000000000000e+00 5.312500000000000000e+00 9.704395779014469703e-01
1.200000000000000000e+01 8.000000000000000000e+00 5.002083333333334103e+00 1.042542486041390104e+00
1.300000000000000000e+01 8.000000000000000000e+00 4.437500000000000000e+00 1.165193192526607469e+00
1.400000000000000000e+01 8.000000000000000000e+00 4.132812500000000000e+00 8.457906048170209523e-01
1.500000000000000000e+01 8.000000000000000000e+00 3.667187500000000266e+00 9.649950408304860394e-01
1.600000000000000000e+01 8.000000000000000000e+00 3.181770833333333215e+00 9.233011953616185874e-01
1.700000000000000000e+01 8.000000000000000000e+00 2.735416666666666163e+00 9.580613923981596836e-01
1.800000000000000000e+01 8.000000000000000000e+00 3.873437500000000089e+00 6.495160151046530661e-01
1.900000000000000000e+01 8.000000000000000000e+00 3.169270833333333481e+00 9.225376758415515521e-01
2.000000000000000000e+01 8.000000000000000000e+00 3.220312499999999911e+00 1.475982433978383801e+00
2.100000000000000000e+01 8.000000000000000000e+00 2.776562499999999378e+00 1.017423275210525002e+00
2.200000000000000000e+01 8.000000000000000000e+00 2.283854166666666519e+00 9.924835225523181981e-01
2.300000000000000000e+01 8.000000000000000000e+00 2.840624999999999734e+00 4.424965505157018447e-02
2.400000000000000000e+01 8.000000000000000000e+00 2.799999999999999378e+00 2.097245713432661640e-01
2.500000000000000000e+01 8.000000000000000000e+00 2.764062500000000089e+00 8.255187931188707751e-01
2.600000000000000000e+01 8.000000000000000000e+00 2.003645833333333570e+00 6.080833610256313193e-01
2.700000000000000000e+01 8.000000000000000000e+00 2.007812500000000000e+00 1.437832705477644968e+00
2.800000000000000000e+01 8.000000000000000000e+00 2.146875000000000089e+00 8.599613387447002655e-01
2.900000000000000000e+01 8.000000000000000000e+00 2.082291666666666430e+00 5.606565176355449154e-01
3.000000000000000000e+01 8.000000000000000000e+00 2.066666666666666874e+00 8.638164493012701062e-01
3.100000000000000000e+01 8.000000000000000000e+00 1.824479166666666652e+00 2.316264390335078527e-01
3.200000000000000000e+01 8.000000000000000000e+00 1.701562499999999867e+00 3.257604132901349980e-01
3.300000000000000000e+01 8.000000000000000000e+00 1.726562500000000000e+00 1.119491244395504959e+00
3.400000000000000000e+01 8.000000000000000000e+00 1.609895833333333526e+00 7.582101561739056361e-01
3.500000000000000000e+01 8.000000000000000000e+00 1.365624999999999867e+00 8.000417331585691905e-01
3.600000000000000000e+01 8.000000000000000000e+00 1.826041666666666785e+00 7.103144966672293448e-01
3.700000000000000000e+01 8.000000000000000000e+00 9.083333333333333259e-01 1.375482529365681106e-01
3.800000000000000000e+01 8.000000000000000000e+00 4.296875000000000000e-01 4.221481918605890157e-03
0.000000000000000000e+00 9.000000000000000000e+00 7.379375000000000284e+01 1.905385138299826864e-02
1.000000000000000000e+00 9.000000000000000000e+00 2.509322916666666359e+01 4.104709757659978364e-01
2.000000000000000000e+00 9.000000000000000000e+00 1.944010416666666785e+01 4.070175176153177365e-01
3.000000000000000000e+00 9.000000000000000000e+00 1.358020833333333321e+01 6.794419599261334319e-01
4.000000000000000000e+00 9.000000000000000000e+00 1.043593749999999964e+01 9.166772545532304584e-01
5.000000000000000000e+00 9.000000000000000000e+00 1.035104166666666714e+01 1.067053983378916104e+00
6.000000000000000000e+00 9.000000000000000000e+00 8.503645833333331794e+00 9.275532503160118791e-01
7.000000000000000000e+00 9.000000000000000000e+00 7.309375000000000178e+00 8.608203132076691633e-01
8.000000000000000000e+00 9.000000000000000000e+00 7.168750000000000178e+00 8.812190420946431901e-01
9.000000000000000000e+00 9.000000000000000000e+00 6.554166666666667140e+00 9.334661909287443882e-01
1.000000000000000000e+01 9.000000000000000000e+00 5.740104166666665897e+00 1.013148030048808046e+00
1.100000000000000000e+01 9.000000000000000000e+00 5.138541666666667673e+00 9.343970425337048136e-01
1.200000000000000000e+01 9.000000000000000000e+00 4.803645833333333393e+00 8.333857736368502911e-01
1.300000000000000000e+01 9.000000000000000000e+00 4.397916666666666252e+00 1.203866618429986213e+00
1.400000000000000000e+01 9.000000000000000000e+00 4.037500000000000533e+00 9.987079385570560852e-01
1.500000000000000000e+01 9.000000000000000000e+00 3.519270833333333570e+00 9.135845066075181098e-01
1.600000000000000000e+01 9.000000000000000000e+00 3.153124999999999734e+00 9.548818588016035891e-01
1.700000000000000000e+01 9.000000000000000000e+00 2.800000000000000266e+00 1.102080765870484536e+00
1.800000000000000000e+01 9.000000000000000000e+00 3.773437500000000000e+00 5.543483508517302871e-01
1.900000000000000000e+01 9.000000000000000000e+00 2.984895833333333304e+00 8.764308985267915686e-01
2.000000000000000000e+01 9.000000000000000000e+00 3.225000000000000089e+00 1.333386057293479920e+00
2.100000000000000000e+01 9.000000000000000000e+00 2.695312500000000000e+00 9.955954765472891932e-01
2.200000000000000000e+01 9.000000000000000000e+00 2.517187500000000355e+00 1.549388028282266516e+00
2.300000000000000000e+01 9.000000000000000000e+00 2.680729166666666163e+00 1.580447499283308549e-02
2.400000000000000000e+01 9.000000000000000000e+00 2.571874999999999911e+00 1.503458598027316018e-01
2.500000000000000000e+01 9.000000000000000000e+00 2.695833333333332860e+00 4.762426269316624716e-01
2.600000000000000000e+01 9.000000000000000000e+00 2.156250000000000000e+00 1.694297012472694153e+00
2.700000000000000000e+01 9.000000000000000000e+00 2.171354166666666696e+00 9.175490384264930466e-01
2.800000000000000000e+01 9.000000000000000000e+00 2.020312499999999734e+00 9.189690641872152455e-01
2.900000000000000000e+01 9.000000000000000000e+00 1.998437499999999645e+00 9.071779351636024558e-01
3.000000000000000000e+01 9.000000000000000000e+00 2.048437499999999911e+00 1.024644919488139960e+00
3.100000000000000000e+01 9.000000000000000000e+00 1.735416666666666829e+00 2.573293621385853158e-01
3.200000000000000000e+01 9.000000000000000000e+00 1.674479166666666741e+00 6.450400283549602154e-01
3.300000000000000000e+01 9.000000000000000000e+00 1.872395833333333259e+00 1.151421128017938278e+00
3.400000000000000000e+01 9.000000000000000000e+00 1.475520833333333393e+00 6.599845765191136859e-01
3.500000000000000000e+01 9.000000000000000000e+00 1.082812499999999956e+00 6.896886754716881514e-03
3.600000000000000000e+01 9.000000000000000000e+00 1.561979166666666474e+00 5.514340854177829376e-01
3.700000000000000000e+01 9.000000000000000000e+00 8.307291666666666297e-01 1.579431521766091473e-01
3.800000000000000000e+01 9.000000000000000000e+00 4.291666666666666408e-01 4.445779334149745354e-01
0.000000000000000000e+00 1.000000000000000000e+01 7.357760416666667425e+01 1.836645274632404609e-02
1.000000000000000000e+00 1.000000000000000000e+01 2.475104166666666572e+01 4.600001865622609931e-01
2.000000000000000000e+00 1.000000000000000000e+01 1.900000000000000000e+01 4.034774713850887706e-01
3.000000000000000000e+00 1.000000000000000000e+01 1.320833333333333393e+01 7.164156167399192698e-01
4.000000000000000000e+00 1.000000000000000000e+01 1.147343750000000107e+01 1.090041753479372266e+00
5.000000000000000000e+00 1.000000000000000000e+01 9.886979166666668206e+00 1.157296237445696541e+00
6.000000000000000000e+00 1.000000000000000000e+01 8.276562499999998934e+00 9.940371902438285279e-01
7.000000000000000000e+00 1.000000000000000000e+01 7.125000000000000000e+00 9.044226910775381434e-01
8.000000000000000000e+00 1.000000000000000000e+01 7.107812499999998757e+00 8.745086759595386283e-01
9.000000000000000000e+00 1.000000000000000000e+01 6.348437499999999289e+00 8.614133230534410934e-01
1.000000000000000000e+01 1.000000000000000000e+01 5.611979166666666963e+00 1.005108416552399131e+00
1.100000000000000000e+01 1.000000000000000000e+01 5.169270833333333925e+00 9.199638059807402346e-01
1.200000000000000000e+01 1.000000000000000000e+01 4.689062500000000355e+00 1.117739911841469480e+00
1.300000000000000000e+01 1.000000000000000000e+01 4.280729166666667140e+00 1.024678610992535654e+00
1.400000000000000000e+01 1.000000000000000000e+01 3.890104166666666696e+00 8.361509454195772406e-01
1.500000000000000000e+01 1.000000000000000000e+01 3.490625000000000089e+00 9.180167201004061361e-01
1.600000000000000000e+01 1.000000000000000000e+01 3.102604166666667052e+00 8.866873973411734111e-01
1.700000000000000000e+01 1.000000000000000000e+01 2.845833333333333215e+00 9.571817006457759014e-01
1.800000000000000000e+01 1.000000000000000000e+01 3.640625000000000000e+00 5.424128786893773757e-01
1.900000000000000000e+01 1.000000000000000000e+01 2.876041666666666163e+00 8.728284907225584144e-01
2.000000000000000000e+01 1.000000000000000000e+01 3.365104166666666785e+00 2.522797874707984334e-01
2.100000000000000000e+01 1.000000000000000000e+01 2.756250000000000089e+00 1.312825004395838935e+00
2.200000000000000000e+01 1.000000000000000000e+01 2.251562499999999911e+00 1.551749904633300980e+00
2.300000000000000000e+01 1.000000000000000000e+01 2.656250000000000000e+00 2.157342572711417467e-02
2.400000000000000000e+01 1.000000000000000000e+01 2.391145833333333304e+00 7.871329797590301269e-02
2.500000000000000000e+01 1.000000000000000000e+01 2.501041666666666607e+00 3.126172419073050546e-01
2.600000000000000000e+01 1.000000000000000000e+01 2.299479166666666519e+00 1.493576479473795127e+00
2.700000000000000000e+01 1.000000000000000000e+01 2.067187499999999734e+00 8.148248134608615523e-01
2.800000000000000000e+01 1.000000000000000000e+01 1.905208333333333393e+00 8.145911125744796921e-01
2.900000000000000000e+01 1.000000000000000000e+01 1.934374999999999956e+00 6.930901772697511953e-01
3.000000000000000000e+01 1.000000000000000000e+01 1.840624999999999956e+00 9.547793286999000095e-01
3.100000000000000000e+01 1.000000000000000000e+01 1.673437499999999689e+00 2.540738234873942680e-01
3.200000000000000000e+01 1.000000000000000000e+01 1.594791666666666607e+00 3.329930117925511968e-01
3.300000000000000000e+01 1.000000000000000000e+01 2.037500000000000089e+00 5.152513269274552887e-02
3.400000000000000000e+01 1.000000000000000000e+01 1.387499999999999956e+00 7.007124314760935224e-01
3.500000000000000000e+01 1.000000000000000000e+01 1.224999999999999867e+00 5.027136466795755210e-01
3.600000000000000000e+01 1.000000000000000000e+01 1.396874999999999867e+00 5.950995401361129922e-01
3.700000000000000000e+01 1.000000000000000000e+01 8.687500000000000222e-01 1.577894352458228122e-01
3.800000000000000000e+01 1.000000000000000000e+01 4.265624999999999556e-01 3.496290515428074341e-03
0.000000000000000000e+00 1.100000000000000000e+01 7.329947916666667140e+01 1.835153906263252768e-02
1.000000000000000000e+00 1.100000000000000000e+01 2.437343750000000497e+01 4.547867894512712672e-01
2.000000000000000000e+00 1.100000000000000000e+01 1.851927083333333357e+01 4.690483959319822205e-01
3.000000000000000000e+00 1.100000000000000000e+01 1.286041666666666572e+01 7.685091067157630018e-01
4.000000000000000000e+00 1.100000000000000000e+01 1.095885416666666679e+01 1.841297905135093727e+00
5.000000000000000000e+00 1.100000000000000000e+01 9.738020833333333570e+00 1.215492057039228246e+00
6.000000000000000000e+00 1.100000000000000000e+01 8.004687499999999289e+00 9.662493099272903008e-01
7.000000000000000000e+00 1.100000000000000000e+01 6.892708333333332327e+00 9.124360491371973358e-01
8.000000000000000000e+00 1.100000000000000000e+01 6.875000000000000000e+00 8.699652493743549320e-01
9.000000000000000000e+00 1.100000000000000000e+01 6.233333333333333393e+00 8.818541265263845075e-01
1.000000000000000000e+01 1.100000000000000000e+01 5.564062499999999467e+00 9.571787346749238701e-01
1.100000000000000000e+01 1.100000000000000000e+01 5.077083333333333393e+00 9.612303955639952546e-01
1.200000000000000000e+01 1.100000000000000000e+01 4.578645833333333748e+00 1.153108157708350401e+00
1.300000000000000000e+01 1.100000000000000000e+01 4.101562500000000000e+00 1.131882218260688466e+00
1.400000000000000000e+01 1.100000000000000000e+01 3.827604166666667140e+00 9.877770459184824769e-01
1.500000000000000000e+01 1.100000000000000000e+01 3.321875000000000355e+00 9.475674440588699454e-01
1.600000000000000000e+01 1.100000000000000000e+01 2.975520833333332948e+00 9.484413285707097296e-01
1.700000000000000000e+01 1.100000000000000000e+01 2.676562499999999734e+00 1.072138640769517703e+00
1.800000000000000000e+01 1.100000000000000000e+01 3.521875000000000089e+00 6.190515692451692420e-01
1.900000000000000000e+01 1.100000000000000000e+01 2.732291666666666785e+00 8.591275525804331625e-01
2.000000000000000000e+01 1.100000000000000000e+01 3.252083333333333215e+00 2.375923122765620510e-01
2.100000000000000000e+01 1.100000000000000000e+01 2.914062500000000000e+00 1.318981356504407287e-01
2.200000000000000000e+01 1.100000000000000000e+01 2.765104166666667140e+00 1.574927973447869833e+00
2.300000000000000000e+01 1.100000000000000000e+01 2.728645833333333215e+00 6.820316581962090896e-02
2.400000000000000000e+01 1.100000000000000000e+01 2.321354166666666607e+00 6.652967732947520640e-02
2.500000000000000000e+01 1.100000000000000000e+01 2.405729166666666252e+00 4.255632363769473736e-01
2.600000000000000000e+01 1.100000000000000000e+01 2.012499999999999734e+00 1.482468286035400817e+00
2.700000000000000000e+01 1.100000000000000000e+01 2.189062499999999911e+00 1.038885056239805760e+00
2.800000000000000000e+01 1.100000000000000000e+01 1.881250000000000311e+00 8.970527456129796517e-01
2.900000000000000000e+01 1.100000000000000000e+01 1.863020833333333348e+00 7.479592791068586655e-01
3.000000000000000000e+01 1.100000000000000000e+01 1.893750000000000044e+00 1.007372766166014788e+00
3.100000000000000000e+01 1.100000000000000000e+01 1.572395833333333215e+00 8.228188612011699821e-01
3.200000000000000000e+01 1.100000000000000000e+01 1.710416666666666474e+00 9.160004011197645513e-01
3.300000000000000000e+01 1.100000000000000000e+01 1.943229166666666785e+00 2.685669997145884169e-01
3.400000000000000000e+01 1.100000000000000000e+01 1.264583333333333393e+00 6.515140304826398943e-01
3.500000000000000000e+01 1.100000000000000000e+01 1.059895833333333259e+00 4.051756251998331337e-01
3.600000000000000000e+01 1.100000000000000000e+01 1.330208333333333215e+00 4.119702588719734160e-01
3.700000000000000000e+01 1.100000000000000000e+01 8.578124999999999778e-01 1.523041444876802319e-01
3.800000000000000000e+01 1.100000000000000000e+01 4.239583333333333814e-01 4.608551748421690734e-03
0.000000000000000000e+00 1.200000000000000000e+01 7.383541666666666003e+01 1.880932067045777006e-02
1.000000000000000000e+00 1.200000000000000000e+01 2.390156250000000071e+01 4.957319303324657089e-01
2.000000000000000000e+00 1.200000000000000000e+01 1.822916666666666785e+01 4.610368215776231571e-01
3.000000000000000000e+00 1.200000000000000000e+01 1.278749999999999964e+01 6.980447068768201868e-01
4.000000000000000000e+00 1.200000000000000000e+01 1.050000000000000000e+01 1.909586685723552613e+00
5.000000000000000000e+00 1.200000000000000000e+01 9.450520833333333925e+00 1.099680303029757056e+00
6.000000000000000000e+00 1.200000000000000000e+01 7.884895833333334103e+00 9.654286589319324152e-01
7.000000000000000000e+00 1.200000000000000000e+01 6.858854166666667140e+00 9.747286854577805748e-01
8.000000000000000000e+00 1.200000000000000000e+01 6.725520833333333393e+00 8.790575467290651090e-01
9.000000000000000000e+00 1.200000000000000000e+01 5.968229166666667140e+00 8.639693683448111949e-01
1.000000000000000000e+01 1.200000000000000000e+01 5.364062500000000178e+00 9.588864478405809688e-01
1.100000000000000000e+01 1.200000000000000000e+01 4.931770833333333215e+00 9.055957299941048699e-01
1.200000000000000000e+01 1.200000000000000000e+01 4.413020833333333393e+00 1.156518582632527714e+00
1.300000000000000000e+01 1.200000000000000000e+01 3.928645833333332948e+00 1.137514614045995742e+00
1.400000000000000000e+01 1.200000000000000000e+01 3.703645833333332860e+00 9.700259644554424243e-01
1.500000000000000000e+01 1.200000000000000000e+01 3.235416666666667052e+00 9.677146620882750572e-01
1.600000000000000000e+01 1.200000000000000000e+01 2.874479166666667140e+00 8.817619318424497754e-01
1.700000000000000000e+01 1.200000000000000000e+01 2.635416666666666519e+00 1.009993435219256552e+00
1.800000000000000000e+01 1.200000000000000000e+01 3.363541666666666430e+00 5.692949241389463344e-01
1.900000000000000000e+01 1.200000000000000000e+01 2.697395833333333215e+00 8.793843935827438951e-01
2.000000000000000000e+01 1.200000000000000000e+01 3.155208333333332948e+00 2.687008784546114359e-01
2.100000000000000000e+01 1.200000000000000000e+01 2.832291666666666430e+00 4.250971577510847393e-02
2.200000000000000000e+01 1.200000000000000000e+01 2.741145833333332948e+00 4.139223715627542849e-02
2.300000000000000000e+01 1.200000000000000000e+01 2.568229166666666785e+00 2.899708097346872723e-02
2.400000000000000000e+01 1.200000000000000000e+01 2.282291666666666607e+00 6.654619774909725782e-02
2.500000000000000000e+01 1.200000000000000000e+01 2.379687499999999734e+00 5.125854093922915800e-01
2.600000000000000000e+01 1.200000000000000000e+01 1.821875000000000133e+00 1.404846011051150478e+00
2.700000000000000000e+01 1.200000000000000000e+01 2.353125000000000355e+00 2.045368917531398545e-01
2.800000000000000000e+01 1.200000000000000000e+01 1.755729166666666785e+00 7.984897243309933001e-01
2.900000000000000000e+01 1.200000000000000000e+01 1.779687499999999867e+00 8.383120981009426487e-01
3.000000000000000000e+01 1.200000000000000000e+01 1.723437499999999956e+00 9.495493655577942338e-01
3.100000000000000000e+01 1.200000000000000000e+01 1.458333333333333259e+00 3.200159339801887382e-01
3.200000000000000000e+01 1.200000000000000000e+01 1.754166666666666652e+00 1.029175187118634316e+00
3.300000000000000000e+01 1.200000000000000000e+01 1.866666666666666474e+00 1.317146540371691155e-01
3.400000000000000000e+01 1.200000000000000000e+01 1.302083333333333259e+00 1.081546455285315567e+00
3.500000000000000000e+01 1.200000000000000000e+01 1.155729166666666918e+00 8.315737595482545208e-01
3.600000000000000000e+01 1.200000000000000000e+01 1.268229166666666741e+00 6.161932307237151241e-01
3.700000000000000000e+01 1.200000000000000000e+01 8.499999999999999778e-01 1.534887621012916703e-01
3.800000000000000000e+01 1.200000000000000000e+01 4.229166666666666075e-01 4.978911643880034286e-03
0.000000000000000000e+00 1.300000000000000000e+01 7.310937500000000000e+01 1.832984827943299685e-02
1.000000000000000000e+00 1.300000000000000000e+01 2.359166666666666856e+01 5.155175728564810322e-01
2.000000000000000000e+00 1.300000000000000000e+01 1.788749999999999929e+01 5.447597560650457860e-01
3.000000000000000000e+00 1.300000000000000000e+01 1.253541666666666821e+01 7.923702661646571110e-01
4.000000000000000000e+00 1.300000000000000000e+01 9.613020833333333570e+00 9.924375635539134377e-01
5.000000000000000000e+00 1.300000000000000000e+01 9.239062499999999289e+00 1.108500400930086505e+00
6.000000000000000000e+00 1.300000000000000000e+01 7.727083333333332860e+00 9.926184879835054931e-01
7.000000000000000000e+00 1.300000000000000000e+01 6.719270833333332860e+00 9.457377989859429013e-01
8.000000000000000000e+00 1.300000000000000000e+01 6.526562499999999822e+00 8.753049920930996430e-01
9.000000000000000000e+00 1.300000000000000000e+01 5.913020833333333393e+00 8.643116413087066352e-01
1.000000000000000000e+01 1.300000000000000000e+01 5.229687499999999822e+00 9.411677729964345041e-01
1.100000000000000000e+01 1.300000000000000000e+01 4.860937499999999467e+00 9.244880291199534250e-01
1.200000000000000000e+01 1.300000000000000000e+01 4.346354166666666963e+00 1.112977708199604399e+00
1.300000000000000000e+01 1.300000000000000000e+01 3.815104166666666519e+00 1.110139826481827630e+00
1.400000000000000000e+01 1.300000000000000000e+01 3.672916666666667052e+00 1.019169507874107650e+00
1.500000000000000000e+01 1.300000000000000000e+01 3.275520833333333215e+00 9.205405525361765040e-01
1.600000000000000000e+01 1.300000000000000000e+01 2.907812500000000355e+00 9.769459050118189936e-01
1.700000000000000000e+01 1.300000000000000000e+01 2.489062499999999734e+00 1.089903754460665342e+00
1.800000000000000000e+01 1.300000000000000000e+01 3.238541666666666430e+00 9.415827995136503148e-01
1.900000000000000000e+01 1.300000000000000000e+01 2.723958333333333481e+00 8.280535594938066568e-01
2.000000000000000000e+01 1.300000000000000000e+01 3.093750000000000000e+00 2.813419798415456308e-01
2.100000000000000000e+01 1.300000000000000000e+01 2.738020833333333570e+00 4.733864240976596444e-02
2.200000000000000000e+01 1.300000000000000000e+01 2.663020833333332948e+00 4.590617149726819446e-02
2.300000000000000000e+01 1.300000000000000000e+01 2.506250000000000089e+00 3.362950435333295768e-02
2.400000000000000000e+01 1.300000000000000000e+01 2.200520833333333481e+00 9.881692931653822398e-02
2.500000000000000000e+01 1.300000000000000000e+01 2.343229166666666696e+00 3.433018899327958673e-01
2.600000000000000000e+01 1.300000000000000000e+01 2.308333333333333570e+00 8.571509100034298001e-01
2.700000000000000000e+01 1.300000000000000000e+01 2.196874999999999911e+00 3.694646620700794415e-01
2.800000000000000000e+01 1.300000000000000000e+01 1.783333333333333215e+00 9.093961359982414283e-01
2.900000000000000000e+01 1.300000000000000000e+01 1.711979166666666829e+00 1.127020731060230041e+00
3.000000000000000000e+01 1.300000000000000000e+01 1.672395833333333526e+00 8.833341807112282673e-01
3.100000000000000000e+01 1.300000000000000000e+01 1.836979166666666607e+00 1.510896597779735062e+00
3.200000000000000000e+01 1.300000000000000000e+01 1.556770833333333437e+00 5.486157507100610786e-01
3.300000000000000000e+01 1.300000000000000000e+01 1.715624999999999956e+00 1.303005292955714267e-01
3.400000000000000000e+01 1.300000000000000000e+01 1.371354166666666652e+00 5.982879501676354739e-01
3.500000000000000000e+01 1.300000000000000000e+01 1.092708333333333393e+00 1.054370435815796592e+00
3.600000000000000000e+01 1.300000000000000000e+01 1.051041666666666652e+00 1.085159998561131545e-01
3.700000000000000000e+01 1.300000000000000000e+01 8.479166666666667629e-01 1.492194382087778659e-01
3.800000000000000000e+01 1.300000000000000000e+01 1.790624999999999689e+00 5.405488025918298023e-01
0.000000000000000000e+00 1.400000000000000000e+01 7.326406250000000853e+01 1.878456220895000431e-02
1.000000000000000000e+00 1.400000000000000000e+01 2.330104166666666643e+01 5.098068671372505412e-01
2.000000000000000000e+00 1.400000000000000000e+01 1.771666666666666501e+01 5.939992828647088219e-01
3.000000000000000000e+00 1.400000000000000000e+01 1.229635416666666536e+01 9.562612903822881316e-01
4.000000000000000000e+00 1.400000000000000000e+01 9.688020833333332860e+00 9.650226890840425398e-01
5.000000000000000000e+00 1.400000000000000000e+01 9.203125000000000000e+00 1.058537920646279495e+00
6.000000000000000000e+00 1.400000000000000000e+01 7.722395833333333570e+00 1.017857393478704964e+00
7.000000000000000000e+00 1.400000000000000000e+01 6.600520833333331616e+00 9.876592189561396173e-01
8.000000000000000000e+00 1.400000000000000000e+01 6.468229166666667140e+00 9.298658259394265713e-01
9.000000000000000000e+00 1.400000000000000000e+01 5.830208333333334103e+00 8.440972806700771658e-01
1.000000000000000000e+01 1.400000000000000000e+01 5.197395833333334103e+00 9.429624359717392323e-01
1.100000000000000000e+01 1.400000000000000000e+01 4.651562499999999822e+00 1.045180878925301871e+00
1.200000000000000000e+01 1.400000000000000000e+01 4.267187500000001243e+00 9.406051414596812155e-01
1.300000000000000000e+01 1.400000000000000000e+01 3.844270833333333304e+00 1.116017899040855132e+00
1.400000000000000000e+01 1.400000000000000000e+01 3.567708333333333481e+00 9.414574719267598812e-01
1.500000000000000000e+01 1.400000000000000000e+01 3.252604166666666519e+00 9.661067592230103696e-01
1.600000000000000000e+01 1.400000000000000000e+01 2.903124999999999734e+00 9.043234941443961672e-01
1.700000000000000000e+01 1.400000000000000000e+01 2.474479166666666785e+00 1.099123301977953382e+00
1.800000000000000000e+01 1.400000000000000000e+01 3.150520833333333659e+00 9.861830449619011230e-01
1.900000000000000000e+01 1.400000000000000000e+01 2.668749999999999734e+00 8.392188067350661029e-01
2.000000000000000000e+01 1.400000000000000000e+01 3.038541666666667140e+00 2.852680688265646358e-01
2.100000000000000000e+01 1.400000000000000000e+01 2.694791666666667140e+00 6.544047170910410882e-02
2.200000000000000000e+01 1.400000000000000000e+01 2.156250000000000000e+00 5.581617171434688496e-01
2.300000000000000000e+01 1.400000000000000000e+01 2.488020833333333126e+00 3.762280984039552412e-02
2.400000000000000000e+01 1.400000000000000000e+01 2.123958333333332948e+00 2.060811064536365034e-01
2.500000000000000000e+01 1.400000000000000000e+01 2.259895833333333215e+00 5.428675442236896576e-01
2.600000000000000000e+01 1.400000000000000000e+01 1.861458333333333215e+00 2.305163957768271654e+00
2.700000000000000000e+01 1.400000000000000000e+01 2.160416666666666430e+00 2.132293125929994870e-01
2.800000000000000000e+01 1.400000000000000000e+01 1.693229166666666785e+00 7.327085807635292936e-01
2.900000000000000000e+01 1.400000000000000000e+01 1.745312500000000044e+00 7.850223430032697847e-01
3.000000000000000000e+01 1.400000000000000000e+01 1.619270833333333215e+00 2.514061562458002608e-01
3.100000000000000000e+01 1.400000000000000000e+01 1.385937500000000044e+00 5.075052766750902666e-01
3.200000000000000000e+01 1.400000000000000000e+01 1.425520833333333348e+00 2.378127597328135168e-01
3.300000000000000000e+01 1.400000000000000000e+01 1.704166666666666607e+00 3.478387465078540686e-01
3.400000000000000000e+01 1.400000000000000000e+01 7.526041666666666297e-01 5.336124457479230095e-03
3.500000000000000000e+01 1.400000000000000000e+01 1.141145833333333304e+00 1.423903807237760777e+00
3.600000000000000000e+01 1.400000000000000000e+01 1.000000000000000000e+00 2.424333434750070848e-01
3.700000000000000000e+01 1.400000000000000000e+01 8.333333333333334814e-01 1.579585146243226157e-01
3.800000000000000000e+01 1.400000000000000000e+01 4.218750000000000000e-01 5.124768816750720039e-03
0.000000000000000000e+00 1.500000000000000000e+01 7.358229166666666288e+01 1.867656602581293027e-02
1.000000000000000000e+00 1.500000000000000000e+01 2.310885416666667069e+01 5.141315668834204322e-01
2.000000000000000000e+00 1.500000000000000000e+01 1.702812499999999929e+01 6.616341165361450116e-01
3.000000000000000000e+00 1.500000000000000000e+01 1.210312500000000036e+01 8.762200204009967797e-01
4.000000000000000000e+00 1.500000000000000000e+01 9.662499999999999645e+00 1.408641927479261868e+00
5.000000000000000000e+00 1.500000000000000000e+01 9.086979166666665719e+00 1.182566681049082025e+00
6.000000000000000000e+00 1.500000000000000000e+01 7.521874999999998757e+00 1.048190817027585098e+00
7.000000000000000000e+00 1.500000000000000000e+01 6.438541666666666607e+00 9.784627934371626923e-01
8.000000000000000000e+00 1.500000000000000000e+01 6.382291666666667140e+00 9.820730099228893728e-01
9.000000000000000000e+00 1.500000000000000000e+01 5.707291666666666430e+00 9.080507270481428250e-01
1.000000000000000000e+01 1.500000000000000000e+01 5.190104166666666963e+00 8.835438463542345522e-01
1.100000000000000000e+01 1.500000000000000000e+01 4.655729166666667140e+00 8.580079677951820694e-01
1.200000000000000000e+01 1.500000000000000000e+01 4.114062500000000178e+00 1.186381665851372169e+00
1.300000000000000000e+01 1.500000000000000000e+01 3.797395833333333304e+00 1.168797559743396608e+00
1.400000000000000000e+01 1.500000000000000000e+01 3.490104166666666341e+00 1.055357445178962905e+00
1.500000000000000000e+01 1.500000000000000000e+01 3.404687500000000089e+00 8.794070795338035929e-01
1.600000000000000000e+01 1.500000000000000000e+01 2.837499999999999911e+00 9.784723657065511615e-01
1.700000000000000000e+01 1.500000000000000000e+01 2.480729166666666874e+00 1.118343360482392246e+00
1.800000000000000000e+01 1.500000000000000000e+01 3.130208333333333481e+00 4.613002287249537980e-01
1.900000000000000000e+01 1.500000000000000000e+01 2.589583333333333570e+00 9.474890512601426007e-01
2.000000000000000000e+01 1.500000000000000000e+01 3.031770833333333304e+00 3.599644841715912702e-01
2.100000000000000000e+01 1.500000000000000000e+01 2.637499999999999734e+00 6.173618186252011891e-02
2.200000000000000000e+01 1.500000000000000000e+01 2.553125000000000089e+00 4.829618560422028334e-02
2.300000000000000000e+01 1.500000000000000000e+01 2.423437499999999911e+00 4.154032336183623858e-02
2.400000000000000000e+01 1.500000000000000000e+01 2.042187500000000266e+00 1.170067657773260217e-01
2.500000000000000000e+01 1.500000000000000000e+01 2.169270833333333481e+00 3.604138638019487306e-01
2.600000000000000000e+01 1.500000000000000000e+01 1.597916666666666652e+00 2.121066364777748903e-01
2.700000000000000000e+01 1.500000000000000000e+01 2.092187499999999645e+00 6.090539227745827011e-01
2.800000000000000000e+01 1.500000000000000000e+01 1.636458333333333348e+00 7.858207634592024871e-01
2.900000000000000000e+01 1.500000000000000000e+01 1.637499999999999956e+00 8.119990593234884813e-01
3.000000000000000000e+01 1.500000000000000000e+01 1.502083333333333215e+00 7.377729378621579182e-01
3.100000000000000000e+01 1.500000000000000000e+01 1.382812500000000000e+00 1.100121712981021460e+00
3.200000000000000000e+01 1.500000000000000000e+01 1.410937499999999956e+00 1.040614385190743452e+00
3.300000000000000000e+01 1.500000000000000000e+01 1.640104166666666474e+00 6.722367384685244696e-02
3.400000000000000000e+01 1.500000000000000000e+01 1.307812500000000044e+00 1.477593364788330144e+00
3.500000000000000000e+01 1.500000000000000000e+01 9.317708333333332149e-01 1.229643479279842300e+00
3.600000000000000000e+01 1.500000000000000000e+01 9.463541666666666075e-01 4.122791375997018615e-01
3.700000000000000000e+01 1.500000000000000000e+01 8.255208333333333703e-01 1.573217750372211954e-01
3.800000000000000000e+01 1.500000000000000000e+01 4.192708333333333148e-01 7.767260171339556915e-03
